80 120 
15 25 (89,99,53)
20 35 (53,17,68)
12 18 (40,77,62)
25 30 (84,92,38)
18 22 (79,59,77)
30 15 (83,26,17)
22 28 (17,97,100)
35 20 (46,72,68)
28 14 (94,63,7)
40 25 (11,59,61)
14 32 (18,3,83)
25 18 (79,6,81)
32 22 (23,31,30)
18 40 (9,72,45)
22 15 (39,4,43)
40 18 (41,29,70)
15 38 (1,70,86)
18 25 (57,14,40)
38 20 (27,1,96)
25 30 (72,92,48)
20 35 (71,32,68)
30 22 (63,11,60)
35 28 (34,59,72)
22 42 (42,6,26)
28 16 (63,2,75)
42 24 (85,11,72)
16 45 (63,56,85)
24 19 (23,54,85)
45 22 (88,95,73)
19 32 (100,38,95)
22 28 (71,98,2)
32 25 (19,9,25)
28 35 (58,91,69)
25 40 (6,61,16)
35 30 (34,4,86)
40 20 (86,36,30)
30 45 (29,54,51)
20 28 (14,47,33)
45 15 (17,97,50)
28 38 (72,10,39)
15 22 (37,62,57)
38 18 (17,74,83)
22 32 (77,62,55)
18 25 (89,25,27)
32 20 (70,20,64)
25 42 (62,54,90)
20 16 (13,28,12)
42 24 (53,63,57)
16 35 (56,70,1)
24 30 (84,10,87)
35 19 (68,93,31)
30 48 (2,8,10)
19 22 (22,26,15)
48 25 (63,30,38)
22 30 (21,71,59)
25 35 (79,39,79)
30 28 (11,10,15)
35 40 (83,13,96)
28 22 (50,2,69)
40 32 (22,59,99)
22 18 (86,66,95)
32 45 (89,57,80)
18 15 (91,90,6)
45 28 (16,59,0)
15 20 (56,49,2)
28 38 (84,97,61)
20 25 (51,85,91)
38 30 (13,80,30)
25 22 (58,82,53)
30 42 (85,16,9)
22 16 (19,100,42)